function Colormap = AbaqusColorMap()
% 颜色栏
Colormap = [0	0	1;
            0	0.364705882000000	1;
            0	0.725490196000000	1;
            0	1	0.909803922000000;
            0	1	0.545098039000000;
            0	1	0.180392157000000;
            0.180392157000000	1	0;
            0.545098039000000	1	0;
            0.909803922000000	1	0;
            1	0.725490196000000	0;
            1	0.364705882000000	0;
            1	0	0;];
end
